81 69 52 61:99 5 69 71 20 72 14 23 81 77 67 61:97 72 96 80:99 5 72 71 20 72 14 23 97 77 67 80
93 73 4 32 5 25 52 23 55:47 55 32 34 86 59 68 30:35 6 24 56 31 82 94 63 83:47 83 56 34 86 59 68 30
20 50 86 57 85 33 9:78 55 23 12 86 65 85 73 62 25 84 9:26 24 53 63 91 41 65:78 55 23 12 53 65 91 73 62 25 84 65
13 49 22 56 33 94 62 53 93:37 85 14 35 45 91 94 6 76 71 56:94 66 11 26 8 41 91 38 32:37 85 14 35 45 91 41 6 76 71 26
52 98 5 33 28 20 97 40 54:33 89 61 20 58 18 75 67 10 22:92 69 33 14 48 11 81 47 85:14 89 61 11 58 18 75 67 10 22
74 20 55 66:20 15 53 9 60 55 18 98:55 78 20 60:78 15 53 9 60 20 18 98
23 80 95 10 22 83 26:9 26 71 24 23 49 95 83 68 12:64 25 34 19 91 89 32:9 32 71 24 64 49 34 89 68 12
81 41 86 16 73 96 63:81 98 99 36 61 55:62 76 9 45 99 59 38:62 98 99 36 61 55
67 12 98 7 40 84:82 67 7 68 38 17 40 39 84 74 6:45 46 90 93 66 89:82 45 93 68 38 17 66 39 89 74 6
94 60 15 89:60 50 34 94 67 46 19 77 72 11:53 81 98 65:81 50 34 53 67 46 19 77 72 11
34 60 41 77 64:42 64 71 36 41 33 88:78 85 88 15 50:42 50 71 36 88 33 88
33 38 69 13:66 11 69 27 39 59 47 16:88 15 35 34:66 11 35 27 39 59 47 16
80 61 52 60 55 63 72 73 83:27 79 72 60 37 39 32 25 68 16 63:47 15 59 14 94 74 49 83 81:27 79 49 14 37 39 32 25 68 16 74
15 28 21 46 42 29 53 81:28 69 46 98 57 73 15 37 42:63 9 45 52 15 53 93 96:9 69 52 98 57 73 63 37 15
40 52 95 69 65 68 14 79 5:27 98 86 35 7 97 14 72 82 99 5:64 35 91 54 29 88 61 59 5:27 98 86 35 7 97 61 72 82 99 5
34 98 40 86 24 46 29 74:5 58 22 24 71 53 98 29 42 74:66 40 98 89 39 59 55 93:5 58 22 39 71 53 40 55 42 93
30 55 15 45 36 39 53:14 86 24 36 57 83 45 92 11 60 39 41:93 29 99 9 19 6 46:14 86 24 19 57 83 9 92 11 60 6 41
43 63 6 46 13 34:57 78 84 36 13 25:72 47 76 39 30 64:57 78 84 36 30 25
60 30 86 94 29 58 40:20 94 27 67 48 46 86 22 97 45:12 14 51 71 21 77 86:20 71 27 67 48 46 51 22 97 45
32 92 85 35 51 25 49 61:35 96 46 49 72 69 85 41 14:87 82 84 37 32 23 31 94:37 96 46 31 72 69 84 41 14
37 97 13 26:17 97 34 81 73 37 24 26 91 5 8 88:62 47 41 54:17 47 34 81 73 62 24 54 91 5 8 88
88 77 51 72 13 78:77 83 60 37 25 9 41 39:33 22 70 18 99 69:22 83 60 37 25 9 41 39
80 5 78 57 15:57 55 84 67 76:39 59 69 75 56:75 55 84 67 76
17 87 80 65 88 23:30 56 17 71 5 4 50:21 57 83 19 33 70:30 56 21 71 5 4 50
27 94 90 28 49:28 80 38 45 94 72 7 57 27 25 84:31 44 73 29 8:29 80 38 45 44 72 7 57 31 25 84
37 44 74 5 6:37 74 89 79 28 58:44 50 95 56 87:44 95 89 79 28 58
25 70 65 99:46 24 79 40 75 25 65 54 80 39 4:80 21 63 62:46 24 79 40 75 80 63 54 80 39 4
36 33 42 8 66 90 83:22 33 6 66 20 79 36:63 64 99 23 95 50 37:22 64 6 95 20 79 63
63 81 35 98 65 86:9 98 42 70 26 37 86 97 78 35 47 64 81:44 11 33 27 99 17:9 27 42 70 26 37 17 97 78 33 47 64 11
9 28 97 44:79 44 28 80 23 60 67 46 97:39 43 91 36:79 36 43 80 23 60 67 46 91
6 13 30 70 20 23:97 27 24 30 16:11 17 83 10 68 51:97 27 24 83 16
9 21 12 53 8 37 67 69 71:82 9 39 27 66 99 26:74 23 70 46 75 41 27 24 4:82 74 39 27 66 99 26
48 18 36 12 43 37 14 92:75 58 36 84 43 18 8 4:65 53 6 48 85 99 64 24:75 58 6 84 85 53 8 4
13 50 52 21 41 18:50 36 80 52 73 85 46 13 45 34 31 26:62 34 13 86 10 85:34 36 80 13 73 85 46 62 45 34 31 26
56 35 66 46 49 41:35 23 20 56 17 99 4:57 62 30 89 44 85:62 23 20 57 17 99 4
13 63 56 93 77 66 47 38:78 89 12 73 74 72 93 41 10 88:60 15 73 44 63 34 27 59:78 89 12 73 74 72 44 41 10 88
29 33 24 96 6 73 67 47:49 33 23 8 20:73 85 70 17 76 87 52 24:49 85 23 8 20
27 59 86 88 7 9 73 6 84:91 6 44 27 90 75 15 86 14 31 45:98 74 35 69 68 65 95 50 39:91 50 44 98 90 75 15 35 14 31 45
97 53 29 57 40 71 21 42:31 66 97 45 52 40 98 23 79 71 54 53:83 42 94 77 12 30 28 22:31 66 83 45 52 12 98 23 79 30 54 42
42 36 9 69 74 45 53 47 66:94 93 45 19 36 71 97 74:36 37 85 96 21 74 11 86 43:94 93 74 19 37 71 97 21
94 60 40 37:60 81 37 50 80 19 98 94 26 39 67:48 45 96 32:45 81 32 50 80 19 98 48 26 39 67
99 39 16 8:49 69 39 24 45 43 4 99 16 64:23 77 17 57:49 69 77 24 45 43 4 23 17 64
29 61 51 64 21 93 77:96 24 64 61 73 21 51 17:64 90 13 77 97 46 12:96 24 77 90 73 97 13 17
5 37 43 40 93 76:43 82 5 81 42 40 20 13:75 40 24 81 94 39:24 82 75 81 42 81 20 13
37 24 17 69 15:89 29 53 42 54 76 78 61 24:44 60 24 34 27:89 29 53 42 54 76 78 61 60
38 83 47 36 55 6 26 69 84:49 55 34 63 88 39 32 20 25 69 47:42 19 25 52 45 28 71 96 24:49 45 34 63 88 39 32 20 25 96 25
31 67 89 54 78 45:21 98 34 67 74 77 51 79 25 89 20:32 55 41 96 43 6:21 98 34 55 74 77 51 79 25 41 20
86 46 44 66:66 68 99 59 71 86 16 76 6 12 46:75 90 14 88:88 68 99 59 71 75 16 76 6 12 90
99 90 67 60:89 99 80 60 27 59:23 12 20 93:89 23 80 93 27 59
14 62 28 55 99 50:14 40 57 18 80 44 50 99 7 76 16:68 10 47 17 11 77:68 40 57 18 80 44 77 11 7 76 16
77 13 4 7:23 48 32 42 71 64 7 59 77 13:90 39 97 44:23 48 32 42 71 64 44 59 90 39
50 5 81 7 20:90 50 43 6 48 7 91 29 77 20 5:5 20 48 67 10:90 5 43 6 48 67 91 29 77 10 20
18 80 20 34 5 48:92 33 5 18 37 64 28 77 9:11 82 6 69 39 86:92 33 39 11 37 64 28 77 9
62 92 55 12:88 22 83 45 36 96 12 62 90 5 55:58 46 56 34:88 22 83 45 36 96 34 58 90 5 56
19 91 28 84 63:63 91 61 20 95 8 84 19 10:70 96 17 54 58:58 96 61 20 95 8 54 70 10
6 71 57 43:45 69 31 88 56 49 21 78 66 43:65 59 50 69:45 69 31 88 56 49 21 78 66 69
26 63 88 94 27 96 74:56 74 21 27 16 71 53 9 70 60 63 62:34 26 46 30 87 69 16:56 16 21 87 16 71 53 9 70 60 26 62
80 99 63 72 87 89 12 83 16:41 87 78 65 83 56 72 24 28 71:92 47 29 70 40 11 84 10 26:41 40 78 65 10 56 70 24 28 71
73 67 61 87 4:74 27 89 13 34 87 58 16 91 4 73:60 35 17 6 81:74 27 89 13 34 6 58 16 91 81 60
10 20 27 22 49 74 34 60:30 19 71 48 79 35 90 23 80 74:67 15 25 14 48 59 13 29:30 19 71 48 79 35 90 23 80 59
56 33 77 18 43 62 79 86:85 79 66 10 69:60 26 24 59 23 98 25 22:85 25 66 10 69
40 60 32 7 88 38 53 36 29:90 53 82 58 38 32 47 50:77 85 58 48 63 8 37 91 6:90 37 82 58 8 58 47 50
69 53 96 47 62 14:71 62 52 49 22 53 74 58 79 6 70:59 60 29 63 98 61:71 98 52 49 22 60 74 58 79 6 70
37 83 25 50:48 39 93 19 97 37 36 44 52 53:70 28 87 78:48 39 93 19 97 70 36 44 52 53
16 5 54 4 83:85 58 22 83 16 8 90 37 5 55 45:12 66 57 56 40:85 58 22 40 12 8 90 37 66 55 45
25 55 64 86 37 57 61 18:36 80 89 35 46 57 9 37:17 25 5 84 65 93 39 11:36 80 89 35 46 93 9 65
63 40 46 20 14 27:21 95 30 49 79 68 40 27 48 70:35 37 24 30 41 51:21 95 30 49 79 68 37 51 48 70
65 42 72 75 64 28:64 52 49 67 78 57 45 42 65:73 44 13 79 97 40:97 52 49 67 78 57 45 44 73
19 36 8 99 70:26 82 38 68 4 70 24 19 71 33:74 66 96 70 6:26 82 38 68 4 6 24 74 71 33
40 9 29 27 74 77 42 88 34:25 23 78 14 34 97 32 85 11 61:48 63 12 76 19 43 56 67 68:25 23 78 14 68 97 32 85 11 61
94 40 63 53 29 37 36:38 33 41 9 63 17 36 60 99 51:96 90 14 35 77 34 50:38 33 41 9 14 17 50 60 99 51
13 4 65 67 39:77 79 65 6 68 52 96 61 39 13 67:53 77 83 58 38:77 79 83 6 68 52 96 61 38 53 58
73 17 31 13:43 19 92 77 94 17 31 75 79 76 70 73:85 33 20 94:43 19 92 77 94 33 20 75 79 76 70 85
48 81 32 36 64 79 8 59 70:5 27 15 59 99 63 87 80 42:58 62 81 15 23 49 16 32 91:5 27 15 32 99 63 87 80 42
26 42 4 6:17 38 4 15 42 20 6 19 31 51 36 41:81 9 99 66:17 38 99 15 9 20 66 19 31 51 36 41
25 13 76 94 16 15 44 97 43:10 13 52 76 20 94 33 63 70 25:15 59 92 76 26 35 12 10 16:10 59 52 92 20 76 33 63 70 15
85 59 84 96 40:59 98 57 48 64 19 84:87 69 23 34 98:69 98 57 48 64 19 23
65 17 77 86 32 43 15:31 48 63 37 41 65 71 80 77:12 45 50 69 20 4 14:31 48 63 37 41 12 71 80 50
52 15 95 54 34 97:7 95 9 88 97 16 82 52 30 22 15 48:62 86 53 60 16 42:7 53 9 88 42 16 82 62 30 22 86 48
31 72 80 57 42 69 49 17 10:45 20 60 88 82 42 9:26 82 95 96 50 99 8 16 97:45 20 60 88 82 50 9
73 88 92 35 37 4 20 42 43:16 53 4 82 29 42 86 92 43 10 94 59:97 25 83 85 42 41 78 13 45:16 53 41 82 29 13 86 83 45 10 94 59
13 52 59 42 5 15 63 75:72 27 7 83 63:75 79 43 13 99 86 17 71:72 27 7 83 17
25 89 27 92 80 9 36 7 19:40 72 90 87 19:26 56 78 66 74 25 32 93 52:40 72 90 87 52
49 8 73 6 29 76:11 8 20 98 84 24 73:49 79 20 17 18 33:11 79 20 98 84 24 20
47 97 27 21 90:27 41 85 33 72 19 90 47 21 24:97 83 70 6 34:70 41 85 33 72 19 34 97 6 24
11 10 6 62:6 36 68 11 62 80 50 94 27 42 90:73 75 24 37:24 36 68 73 37 80 50 94 27 42 90
8 45 38 26 6 36 99 97:87 38 55 63 97 94 77 81 90 36 95:99 5 96 39 35 64 58 20:87 96 55 63 20 94 77 81 90 64 95
44 33 46 28 6 74:53 30 16 82 17 15 6:49 98 87 32 79 89:53 30 16 82 17 15 79
52 58 8 80 42 81 89:98 89 85 36 11 58 42 60 59 52 31:38 91 69 52 33 93 8:98 8 85 36 11 91 33 60 59 38 31
24 89 5 14 76 29:5 97 76 29 74 63 19 25 88:58 53 90 26 80 13:90 97 80 13 74 63 19 25 88
68 42 87 56 53 8:21 24 42 61 66 52 85 37 53 16 69:69 99 55 97 53 84:21 24 99 61 66 52 85 37 53 16 69
92 18 79 72:87 57 63 75 97 18 79:32 74 93 60:87 57 63 75 97 74 93
51 45 76 80 98 85 74 41 67:97 8 80 4 76 74 36 41 64 32 49:73 75 20 54 17 32 48 43 14:97 8 54 4 20 48 36 43 64 32 49
95 51 62 19 28 65 99:61 56 50 22 19:29 75 56 28 51 58 17:61 56 50 22 28
19 22 92 98 75 47:90 92 71 12 19 98 20 80:36 13 66 93 72 86:90 66 71 12 36 93 20 80
80 55 51 54 61 30:89 61 95 80 83 26 31 56 76 51 47:70 44 83 84 86 74:89 86 95 70 83 26 31 56 76 83 47
96 60 98 43 94 88 41:98 17 94 78 88 89 43 34 75:80 14 7 84 38 78 33:7 17 38 78 78 89 84 34 75
51 40 76 42 4 6:79 21 40 14 42 60 39 83 92 76 46:6 78 98 36 86 48:79 21 78 14 36 60 39 83 92 98 46
96 60 63 52 36 81 76 98:96 65 75 56 69 19 98 60 27:9 21 98 22 95 52 99 47:9 65 75 56 69 19 47 21 27
95 15 16 23 78 70 52 45 18:78 73 29 68 71 70 12 95 90:59 94 76 35 26 90 32 77 33:26 73 29 68 71 90 12 59 90